lambda n k
250 1.615355 2.454247
255 1.742132 2.56048
260 1.92997 2.635495
265 2.145693 2.605267
270 2.267185 2.48286
275 2.282344 2.394897
280 2.274216 2.374618
285 2.280473 2.392926
290 2.30497 2.42736
295 2.344046 2.467486
300 2.394151 2.508944
305 2.452966 2.549931
310 2.51925 2.589653
315 2.592577 2.627605
320 2.673141 2.663166
325 2.761551 2.695236
330 2.858501 2.72189
335 2.964134 2.740127
340 3.077071 2.746057
345 3.193494 2.735995
350 3.307246 2.70842
355 3.411744 2.665579
360 3.502803 2.612989
365 3.580033 2.55691
370 3.645922 2.501925
375 3.703904 2.450182
380 3.756957 2.401961
385 3.807112 2.356592
390 3.855529 2.313116
395 3.902747 2.270633
400 3.948923 2.228431
405 3.994007 2.186002
410 4.037852 2.143018
415 4.080271 2.09929
420 4.121082 2.054735
425 4.160116 2.009348
430 4.197232 1.963178
435 4.23232 1.916312
440 4.265297 1.868859
445 4.296107 1.820945
450 4.32472 1.772702
455 4.351128 1.724265
460 4.375342 1.675767
465 4.397392 1.627336
470 4.417318 1.579094
475 4.435176 1.531154
480 4.45103 1.48362
485 4.46495 1.436588
490 4.477013 1.390143
495 4.487301 1.344361
500 4.495898 1.299308
505 4.502888 1.255041
510 4.508359 1.21161
515 4.512394 1.169055
520 4.515079 1.12741
525 4.516497 1.086701
530 4.516727 1.046948
535 4.515849 1.008166
540 4.513936 0.970366
545 4.511061 0.933551
550 4.507293 0.897723
555 4.502697 0.862879
560 4.497336 0.829014
565 4.491269 0.796119
570 4.484553 0.764184
575 4.477238 0.733197
580 4.469375 0.703143
585 4.461011 0.674006
590 4.452188 0.645771
595 4.44295 0.618419
600 4.433332 0.591933
605 4.423372 0.566294
610 4.413102 0.541482
615 4.402554 0.51748
620 4.391758 0.494266
625 4.38074 0.471822
630 4.369525 0.450129
635 4.358137 0.429168
640 4.346599 0.40892
645 4.33493 0.389366
650 4.323149 0.370487
655 4.311274 0.352267
660 4.299322 0.334687
665 4.287308 0.317731
670 4.275246 0.301381
675 4.263149 0.285622
680 4.251029 0.270437
685 4.238899 0.255812
690 4.226769 0.24173
695 4.214648 0.228179
700 4.202547 0.215142
705 4.190473 0.202608
710 4.178435 0.190563
715 4.166441 0.178994
720 4.154498 0.167888
725 4.142611 0.157234
730 4.130789 0.147021
735 4.119037 0.137236
740 4.107359 0.12787
745 4.095763 0.118911
750 4.084252 0.11035
755 4.072832 0.102177
760 4.061507 0.094383
765 4.050281 0.086959
770 4.039159 0.079895
775 4.028145 0.073183
780 4.017243 0.066816
785 4.006457 0.060785
790 3.99579 0.055083
795 3.985247 0.049701
800 3.974831 0.044634
805 3.964546 0.039874
810 3.954395 0.035415
815 3.944383 0.03125
820 3.934513 0.027372
825 3.92479 0.023776
830 3.915216 0.020456
835 3.905799 0.017407
840 3.89654 0.014622
845 3.887445 0.012096
850 3.87852 0.009824
855 3.86977 0.007801
860 3.861202 0.006023
865 3.852822 0.004483
870 3.84464 0.003179
875 3.836663 0.002104
880 3.828905 0.001256
885 3.821379 0.000628
890 3.814108 0.000218
895 3.807124 2.00E-05
900 3.800513 0
905 3.794258 0
910 3.788273 0
915 3.78252 0
920 3.776974 0
925 3.771618 0
930 3.766436 0
935 3.761417 0
940 3.75655 0
945 3.751827 0
950 3.747238 0
955 3.742777 0
960 3.738438 0
965 3.734214 0
970 3.7301 0
975 3.726091 0
980 3.722183 0
985 3.718372 0
990 3.714652 0
995 3.711021 0
1000 3.707475 0
1005 3.704011 0
1010 3.700626 0
1015 3.697318 0
1020 3.694083 0
1025 3.690917 0
1030 3.687821 0
1035 3.68479 0
1040 3.681823 0
1045 3.678919 0
1050 3.676074 0
1055 3.673287 0
1060 3.670556 0
1065 3.667879 0
1070 3.665255 0
1075 3.662682 0
1080 3.660159 0
1085 3.657684 0
1090 3.655256 0
1095 3.652873 0
1100 3.650535 0
1105 3.64824 0
1110 3.645987 0
1115 3.643774 0
1120 3.641601 0
1125 3.639467 0
1130 3.63737 0
1135 3.63531 0
1140 3.633285 0
1145 3.631296 0
1150 3.62934 0
1155 3.627418 0
1160 3.625527 0
1165 3.623669 0
1170 3.62184 0
1175 3.620042 0
1180 3.618274 0
1185 3.616534 0
1190 3.614822 0
1195 3.613136 0
1200 3.611478 0
1205 3.609846 0
1210 3.608239 0
1215 3.606657 0
1220 3.605099 0
1225 3.603566 0
1230 3.602055 0
1235 3.600568 0
1240 3.599103 0
1245 3.597659 0
1250 3.596237 0
1255 3.594836 0
1260 3.593456 0
1265 3.592095 0
1270 3.590754 0
1275 3.589432 0
1280 3.588129 0
1285 3.586845 0
1290 3.585579 0
1295 3.58433 0
1300 3.5831 0
1305 3.581885 0
1310 3.580688 0
1315 3.579507 0
1320 3.578342 0
1325 3.577194 0
1330 3.57606 0
1335 3.574941 0
1340 3.573838 0
1345 3.572749 0
1350 3.571675 0
1355 3.570614 0
1360 3.569568 0
1365 3.568535 0
1370 3.567515 0
1375 3.566508 0
1380 3.565515 0
1385 3.564534 0
1390 3.563565 0
1395 3.562609 0
1400 3.561665 0
1405 3.560732 0
1410 3.559811 0
1415 3.558901 0
1420 3.558002 0
1425 3.557115 0
1430 3.556237 0
1435 3.555371 0
1440 3.554516 0
1445 3.55367 0
1450 3.552835 0
1455 3.552009 0
1460 3.551193 0
1465 3.550388 0
1470 3.549591 0
1475 3.548803 0
1480 3.548025 0
1485 3.547255 0
1490 3.546496 0
1495 3.545744 0
1500 3.545001 0
1505 3.544266 0
1510 3.54354 0
1515 3.542821 0
1520 3.542111 0
1525 3.541409 0
1530 3.540715 0
1535 3.540028 0
1540 3.539349 0
1545 3.538677 0
1550 3.538012 0
1555 3.537355 0
1560 3.536705 0
1565 3.536062 0
1570 3.535426 0
1575 3.534797 0
1580 3.534174 0
1585 3.533558 0
1590 3.532949 0
1595 3.532346 0
1600 3.531749 0
1605 3.531158 0
1610 3.530574 0
1615 3.529995 0
1620 3.529423 0
1625 3.528857 0
1630 3.528296 0
1635 3.527741 0
1640 3.527192 0
1645 3.526649 0
1650 3.52611 0
1655 3.525577 0
1660 3.52505 0
1665 3.524528 0
1670 3.524011 0
1675 3.523499 0
1680 3.522992 0
1685 3.522491 0
1690 3.521994 0
1695 3.521502 0
1700 3.521015 0
1705 3.520532 0
1710 3.520054 0
1715 3.519581 0
1720 3.519112 0
1725 3.518647 0
1730 3.518188 0
1735 3.517733 0
1740 3.517281 0
1745 3.516834 0
1750 3.516392 0
1755 3.515953 0
1760 3.515518 0
1765 3.515088 0
1770 3.514662 0
1775 3.514239 0
1780 3.51382 0
1785 3.513405 0
1790 3.512994 0
1795 3.512588 0
1800 3.512184 0
1805 3.511784 0
1810 3.511388 0
1815 3.510995 0
1820 3.510606 0
1825 3.51022 0
1830 3.509838 0
1835 3.509459 0
1840 3.509083 0
1845 3.508711 0
1850 3.508342 0
1855 3.507977 0
1860 3.507614 0
1865 3.507254 0
1870 3.506898 0
1875 3.506545 0
1880 3.506194 0
1885 3.505847 0
1890 3.505504 0
1895 3.505162 0
1900 3.504824 0
1905 3.504489 0
1910 3.504156 0
1915 3.503826 0
1920 3.503499 0
1925 3.503175 0
1930 3.502853 0
1935 3.502534 0
1940 3.502218 0
1945 3.501904 0
1950 3.501593 0
1955 3.501285 0
1960 3.500979 0
1965 3.500676 0
1970 3.500375 0
1975 3.500077 0
1980 3.49978 0
1985 3.499486 0
1990 3.499195 0
1995 3.498906 0
2000 3.49862 0
2005 3.498335 0
2010 3.498054 0
2015 3.497774 0
2020 3.497496 0
2025 3.497221 0
2030 3.496947 0
2035 3.496676 0
2040 3.496407 0
2045 3.496141 0
2050 3.495875 0
2055 3.495613 0
2060 3.495352 0
2065 3.495093 0
2070 3.494837 0
2075 3.494582 0
2080 3.494329 0
2085 3.494079 0
2090 3.49383 0
2095 3.493583 0
2100 3.493338 0
