lambda n k
1.300999999999999943e+02 2.149000000000000021e+00 7.016499999999999959e-01
1.307099999999999795e+02 2.148000000000000131e+00 6.905999999999999917e-01
1.313199999999999932e+02 2.146599999999999842e+00 6.801599999999999868e-01
1.319399999999999977e+02 2.145000000000000018e+00 6.703599999999999559e-01
1.325600000000000023e+02 2.143200000000000216e+00 6.612299999999999844e-01
1.331899999999999977e+02 2.141500000000000181e+00 6.527500000000000524e-01
1.338199999999999932e+02 2.139800000000000146e+00 6.449099999999999833e-01
1.344699999999999989e+02 2.138300000000000090e+00 6.376699999999999591e-01
1.351100000000000136e+02 2.137100000000000222e+00 6.309500000000000108e-01
1.357700000000000102e+02 2.136299999999999866e+00 6.246800000000000130e-01
1.364300000000000068e+02 2.135800000000000143e+00 6.187700000000000422e-01
1.370999999999999943e+02 2.135800000000000143e+00 6.131100000000000438e-01
1.377700000000000102e+02 2.136299999999999866e+00 6.075700000000000545e-01
1.384499999999999886e+02 2.137199999999999989e+00 6.020600000000000396e-01
1.391400000000000148e+02 2.138500000000000068e+00 5.964599999999999902e-01
1.398300000000000125e+02 2.140200000000000102e+00 5.906700000000000284e-01
1.405300000000000011e+02 2.142100000000000115e+00 5.846299999999999830e-01
1.412400000000000091e+02 2.144200000000000106e+00 5.782699999999999507e-01
1.419600000000000080e+02 2.146199999999999886e+00 5.715599999999999570e-01
1.426800000000000068e+02 2.148200000000000109e+00 5.645299999999999763e-01
1.434099999999999966e+02 2.149900000000000144e+00 5.571899999999999631e-01
1.441399999999999864e+02 2.151299999999999990e+00 5.496299999999999519e-01
1.448899999999999864e+02 2.152299999999999880e+00 5.419399999999999773e-01
1.456399999999999864e+02 2.152699999999999836e+00 5.342500000000000027e-01
1.464000000000000057e+02 2.152499999999999858e+00 5.267100000000000115e-01
1.471699999999999875e+02 2.151600000000000179e+00 5.194900000000000073e-01
1.479499999999999886e+02 2.150199999999999889e+00 5.128000000000000336e-01
1.487299999999999898e+02 2.148099999999999898e+00 5.068200000000000482e-01
1.495300000000000011e+02 2.145599999999999952e+00 5.017599999999999838e-01
1.503299999999999841e+02 2.142599999999999838e+00 4.978500000000000147e-01
1.511399999999999864e+02 2.139400000000000190e+00 4.952799999999999980e-01
1.519600000000000080e+02 2.136099999999999888e+00 4.942699999999999871e-01
1.527900000000000205e+02 2.133000000000000007e+00 4.950200000000000156e-01
1.536200000000000045e+02 2.130300000000000082e+00 4.976900000000000213e-01
1.544699999999999989e+02 2.128400000000000070e+00 5.023900000000000032e-01
1.553200000000000216e+02 2.127299999999999969e+00 5.091200000000000170e-01
1.561899999999999977e+02 2.126599999999999824e+00 5.175600000000000200e-01
1.570600000000000023e+02 2.123699999999999921e+00 5.290399999999999547e-01
1.579500000000000171e+02 2.116000000000000103e+00 5.507600000000000273e-01
1.588400000000000034e+02 2.112400000000000055e+00 5.975099999999999856e-01
1.597500000000000000e+02 2.142300000000000093e+00 6.667399999999999993e-01
1.606700000000000159e+02 2.201900000000000190e+00 7.325099999999999945e-01
1.615900000000000034e+02 2.322499999999999787e+00 8.329299999999999482e-01
1.625300000000000011e+02 2.585500000000000131e+00 8.221899999999999764e-01
1.634799999999999898e+02 2.781899999999999817e+00 6.185100000000000042e-01
1.644300000000000068e+02 2.818999999999999950e+00 3.611599999999999810e-01
1.653999999999999773e+02 2.734100000000000197e+00 1.615499999999999992e-01
1.663900000000000148e+02 2.608499999999999819e+00 5.461400000000000282e-02
1.673799999999999955e+02 2.499299999999999855e+00 1.450500000000000053e-02
1.683799999999999955e+02 2.420199999999999907e+00 3.798399999999999953e-03
1.694000000000000057e+02 2.363399999999999945e+00 1.570999999999999914e-03
1.704300000000000068e+02 2.319900000000000073e+00 1.043199999999999987e-03
1.714699999999999989e+02 2.284499999999999975e+00 7.970400000000000531e-04
1.725300000000000011e+02 2.254500000000000171e+00 6.240100000000000377e-04
1.735999999999999943e+02 2.228499999999999925e+00 4.943499999999999544e-04
1.746800000000000068e+02 2.205499999999999794e+00 3.976599999999999840e-04
1.757700000000000102e+02 2.184800000000000075e+00 3.262499999999999884e-04
1.768799999999999955e+02 2.166100000000000136e+00 2.739299999999999743e-04
1.780099999999999909e+02 2.149000000000000021e+00 2.358100000000000072e-04
1.791399999999999864e+02 2.133199999999999985e+00 2.080800000000000000e-04
1.802999999999999829e+02 2.118599999999999817e+00 1.878200000000000008e-04
1.814600000000000080e+02 2.104900000000000215e+00 1.728400000000000054e-04
1.826399999999999864e+02 2.092200000000000060e+00 1.615400000000000017e-04
1.838400000000000034e+02 2.080099999999999838e+00 1.527400000000000047e-04
1.850600000000000023e+02 2.068799999999999972e+00 1.456100000000000103e-04
1.862800000000000011e+02 2.058100000000000041e+00 1.395400000000000091e-04
1.875300000000000011e+02 2.047899999999999832e+00 1.341500000000000082e-04
1.887900000000000205e+02 2.038199999999999790e+00 1.291499999999999951e-04
1.900699999999999932e+02 2.028999999999999915e+00 1.243600000000000087e-04
1.913700000000000045e+02 2.020199999999999996e+00 1.196900000000000009e-04
1.926899999999999977e+02 2.011800000000000033e+00 1.150699999999999943e-04
1.940200000000000102e+02 2.003699999999999815e+00 1.104500000000000013e-04
1.953699999999999761e+02 1.995900000000000007e+00 1.058299999999999947e-04
1.967400000000000091e+02 1.988399999999999945e+00 1.012199999999999965e-04
1.981299999999999955e+02 1.981200000000000072e+00 9.661200000000000267e-05
1.995399999999999920e+02 1.974299999999999944e+00 9.203399999999999331e-05
2.009699999999999989e+02 1.967600000000000016e+00 8.750200000000000350e-05
2.024199999999999875e+02 1.961100000000000065e+00 8.303800000000000016e-05
2.039000000000000057e+02 1.954900000000000082e+00 7.866500000000000662e-05
2.053899999999999864e+02 1.948800000000000088e+00 7.440699999999999419e-05
2.069099999999999966e+02 1.943000000000000060e+00 7.028800000000000195e-05
2.084399999999999977e+02 1.937300000000000022e+00 6.633300000000000340e-05
2.100000000000000000e+02 1.931799999999999962e+00 6.256599999999999694e-05
2.115900000000000034e+02 1.926399999999999890e+00 5.901100000000000133e-05
2.131999999999999886e+02 1.921200000000000019e+00 5.568999999999999705e-05
2.148299999999999841e+02 1.916199999999999903e+00 5.262300000000000083e-05
2.164899999999999807e+02 1.911299999999999999e+00 4.982799999999999794e-05
2.181800000000000068e+02 1.906500000000000083e+00 4.731700000000000115e-05
2.198900000000000148e+02 1.901899999999999924e+00 4.509699999999999869e-05
2.216299999999999955e+02 1.897299999999999986e+00 4.316700000000000192e-05
2.233900000000000148e+02 1.892900000000000027e+00 4.151700000000000247e-05
2.251899999999999977e+02 1.888600000000000056e+00 4.012799999999999934e-05
2.270099999999999909e+02 1.884400000000000075e+00 3.897300000000000108e-05
2.288600000000000136e+02 1.880400000000000071e+00 3.801200000000000130e-05
2.307400000000000091e+02 1.876400000000000068e+00 3.720000000000000298e-05
2.326599999999999966e+02 1.872500000000000053e+00 3.648800000000000031e-05
2.346100000000000136e+02 1.868700000000000028e+00 3.581999999999999925e-05
2.365900000000000034e+02 1.864999999999999991e+00 3.514500000000000317e-05
2.385999999999999943e+02 1.861299999999999955e+00 3.441500000000000169e-05
2.406500000000000057e+02 1.857799999999999896e+00 3.359199999999999957e-05
2.427299999999999898e+02 1.854300000000000059e+00 3.264899999999999861e-05
2.448500000000000227e+02 1.850999999999999979e+00 3.157800000000000158e-05
2.470100000000000193e+02 1.847599999999999909e+00 3.038200000000000151e-05
2.492000000000000171e+02 1.844400000000000039e+00 2.908500000000000020e-05
2.514399999999999977e+02 1.841199999999999948e+00 2.772499999999999967e-05
2.537099999999999795e+02 1.838100000000000067e+00 2.634799999999999913e-05
2.560299999999999727e+02 1.835099999999999953e+00 2.500999999999999941e-05
2.583899999999999864e+02 1.832100000000000062e+00 2.376299999999999932e-05
2.607900000000000205e+02 1.829199999999999937e+00 2.265100000000000048e-05
2.632399999999999523e+02 1.826400000000000023e+00 2.170599999999999852e-05
2.657399999999999523e+02 1.823600000000000110e+00 2.093999999999999941e-05
2.682800000000000296e+02 1.820799999999999974e+00 2.034100000000000057e-05
2.708700000000000045e+02 1.818100000000000049e+00 1.987799999999999840e-05
2.735099999999999909e+02 1.815499999999999892e+00 1.950099999999999845e-05
2.762100000000000364e+02 1.812999999999999945e+00 1.914899999999999911e-05
2.789599999999999795e+02 1.810400000000000009e+00 1.875799999999999896e-05
2.817599999999999909e+02 1.808000000000000052e+00 1.827099999999999837e-05
2.846200000000000045e+02 1.805500000000000105e+00 1.764699999999999892e-05
2.875400000000000205e+02 1.803199999999999914e+00 1.686300000000000101e-05
2.905199999999999818e+02 1.800799999999999956e+00 1.592200000000000104e-05
2.935600000000000023e+02 1.798499999999999988e+00 1.484700000000000032e-05
2.966700000000000159e+02 1.796300000000000008e+00 1.367800000000000016e-05
2.998399999999999750e+02 1.794100000000000028e+00 1.246699999999999939e-05
3.030800000000000409e+02 1.792000000000000037e+00 1.126900000000000002e-05
3.063899999999999864e+02 1.789800000000000058e+00 1.013100000000000007e-05
3.097799999999999727e+02 1.787800000000000056e+00 9.094699999999999508e-06
3.132400000000000091e+02 1.785700000000000065e+00 8.186600000000000528e-06
3.167800000000000296e+02 1.783800000000000052e+00 7.419899999999999890e-06
3.204000000000000341e+02 1.781800000000000050e+00 6.795400000000000194e-06
3.241000000000000227e+02 1.779900000000000038e+00 6.304299999999999932e-06
3.278899999999999864e+02 1.778000000000000025e+00 5.930800000000000035e-06
3.317699999999999818e+02 1.776200000000000001e+00 5.655999999999999719e-06
3.357400000000000091e+02 1.774299999999999988e+00 5.460099999999999612e-06
3.398100000000000023e+02 1.772599999999999953e+00 5.324800000000000247e-06
3.439800000000000182e+02 1.770799999999999930e+00 5.234199999999999793e-06
3.482599999999999909e+02 1.769099999999999895e+00 5.175300000000000238e-06
3.526399999999999864e+02 1.767400000000000082e+00 5.138300000000000423e-06
3.571299999999999955e+02 1.765800000000000036e+00 5.115800000000000215e-06
3.617300000000000182e+02 1.764199999999999990e+00 5.102799999999999662e-06
3.664600000000000364e+02 1.762599999999999945e+00 5.095800000000000407e-06
3.713199999999999932e+02 1.761100000000000110e+00 5.092499999999999947e-06
3.763000000000000114e+02 1.759500000000000064e+00 5.091599999999999668e-06
3.814199999999999591e+02 1.758000000000000007e+00 5.092099999999999917e-06
3.866800000000000068e+02 1.756599999999999939e+00 5.093599999999999818e-06
3.920899999999999750e+02 1.755100000000000104e+00 5.095599999999999968e-06
3.976499999999999773e+02 1.753700000000000037e+00 5.098100000000000368e-06
4.033700000000000045e+02 1.752399999999999958e+00 5.100800000000000359e-06
4.092599999999999909e+02 1.750999999999999890e+00 5.103699999999999941e-06
4.153200000000000500e+02 1.749700000000000033e+00 5.106799999999999962e-06
4.215600000000000023e+02 1.748399999999999954e+00 5.109899999999999984e-06
4.280000000000000000e+02 1.747100000000000097e+00 5.113100000000000224e-06
4.346299999999999955e+02 1.745900000000000007e+00 5.116299999999999617e-06
4.414799999999999613e+02 1.744599999999999929e+00 5.119600000000000077e-06
4.485400000000000205e+02 1.743500000000000050e+00 5.122800000000000317e-06
4.558300000000000409e+02 1.742299999999999960e+00 5.126099999999999930e-06
4.633700000000000045e+02 1.741100000000000092e+00 5.129300000000000171e-06
4.711500000000000341e+02 1.739999999999999991e+00 5.132400000000000192e-06
4.792100000000000364e+02 1.738899999999999890e+00 5.135599999999999585e-06
4.875399999999999636e+02 1.737800000000000011e+00 5.138699999999999606e-06
4.961700000000000159e+02 1.736799999999999899e+00 5.141700000000000255e-06
5.050999999999999659e+02 1.735800000000000010e+00 5.144700000000000057e-06
5.143700000000000045e+02 1.734799999999999898e+00 5.147699999999999859e-06
5.239800000000000182e+02 1.733800000000000008e+00 5.150600000000000288e-06
5.339600000000000364e+02 1.732799999999999896e+00 5.153399999999999652e-06
5.443299999999999272e+02 1.731899999999999995e+00 5.156199999999999862e-06
5.551100000000000136e+02 1.730900000000000105e+00 5.158899999999999853e-06
5.663200000000000500e+02 1.729999999999999982e+00 5.161599999999999844e-06
5.779900000000000091e+02 1.729200000000000070e+00 5.164199999999999616e-06
5.901599999999999682e+02 1.728299999999999947e+00 5.166700000000000016e-06
6.028500000000000227e+02 1.727500000000000036e+00 5.169200000000000415e-06
6.161000000000000227e+02 1.726699999999999902e+00 5.171599999999999749e-06
6.299400000000000546e+02 1.725899999999999990e+00 5.173999999999999929e-06
6.444199999999999591e+02 1.725100000000000078e+00 5.176299999999999890e-06
6.595800000000000409e+02 1.724299999999999944e+00 5.178599999999999851e-06
6.754700000000000273e+02 1.723600000000000021e+00 5.180799999999999593e-06
6.921399999999999864e+02 1.722900000000000098e+00 5.183000000000000182e-06
7.096599999999999682e+02 1.722199999999999953e+00 5.185000000000000332e-06
7.280900000000000318e+02 1.721500000000000030e+00 5.187099999999999854e-06
7.475000000000000000e+02 1.720900000000000096e+00 5.189100000000000005e-06
7.679800000000000182e+02 1.720199999999999951e+00 5.190999999999999936e-06
7.896100000000000136e+02 1.719600000000000017e+00 5.192799999999999647e-06
8.124900000000000091e+02 1.719000000000000083e+00 5.194699999999999578e-06
8.367400000000000091e+02 1.718399999999999928e+00 5.196399999999999918e-06
8.624800000000000182e+02 1.717899999999999983e+00 5.198100000000000257e-06
8.898500000000000227e+02 1.717300000000000049e+00 5.199799999999999750e-06
9.190199999999999818e+02 1.716800000000000104e+00 5.201399999999999870e-06
9.501599999999999682e+02 1.716299999999999937e+00 5.202899999999999771e-06
9.834900000000000091e+02 1.715799999999999992e+00 5.204399999999999672e-06
1.019200000000000159e+03 1.715300000000000047e+00 5.205800000000000200e-06
1.057700000000000045e+03 1.714900000000000091e+00 5.207199999999999882e-06
1.099200000000000045e+03 1.714399999999999924e+00 5.208500000000000192e-06
1.144000000000000000e+03 1.713999999999999968e+00 5.209799999999999654e-06
1.192700000000000045e+03 1.713600000000000012e+00 5.210999999999999744e-06
1.245700000000000045e+03 1.713200000000000056e+00 5.212199999999999834e-06
1.303600000000000136e+03 1.712900000000000089e+00 5.213299999999999705e-06
1.367099999999999909e+03 1.712499999999999911e+00 5.214400000000000423e-06
1.437200000000000045e+03 1.712199999999999944e+00 5.215400000000000075e-06
1.514899999999999864e+03 1.711899999999999977e+00 5.216399999999999726e-06
1.601399999999999864e+03 1.711600000000000010e+00 5.217300000000000006e-06
1.698399999999999864e+03 1.711200000000000054e+00 5.251000000000000208e-06
1.700000000000000000e+03 1.711200000000000054e+00 5.266000000000000065e-06
1.857299999999999955e+03 1.709100000000000064e+00 6.898699999999999696e-06
2.014600000000000136e+03 1.706900000000000084e+00 8.847599999999999790e-06
2.171900000000000091e+03 1.704599999999999893e+00 1.114499999999999917e-05
2.329099999999999909e+03 1.702099999999999946e+00 1.382500000000000062e-05
2.486400000000000091e+03 1.699600000000000000e+00 1.692200000000000163e-05
2.643699999999999818e+03 1.696900000000000075e+00 2.047299999999999863e-05
2.801000000000000000e+03 1.693999999999999950e+00 2.451800000000000141e-05
2.958299999999999727e+03 1.691000000000000059e+00 2.909800000000000160e-05
3.115600000000000364e+03 1.687799999999999967e+00 3.425500000000000322e-05
3.272900000000000091e+03 1.684500000000000108e+00 4.003700000000000309e-05
3.430200000000000273e+03 1.681000000000000050e+00 4.649200000000000142e-05
3.587400000000000091e+03 1.677300000000000013e+00 5.367100000000000164e-05
3.744699999999999818e+03 1.673399999999999999e+00 6.163100000000000674e-05
3.902000000000000000e+03 1.669300000000000006e+00 7.043100000000000380e-05
4.059300000000000182e+03 1.665100000000000025e+00 8.013400000000000221e-05
4.216599999999999454e+03 1.660700000000000065e+00 9.080800000000000200e-05
4.373899999999999636e+03 1.655999999999999917e+00 1.025299999999999958e-04
4.531199999999999818e+03 1.651200000000000001e+00 1.153700000000000016e-04
4.688399999999999636e+03 1.646099999999999897e+00 1.294099999999999960e-04
4.845699999999999818e+03 1.640900000000000025e+00 1.447599999999999896e-04
5.003000000000000000e+03 1.635399999999999965e+00 1.614999999999999953e-04
5.160300000000000182e+03 1.629699999999999926e+00 1.797400000000000104e-04
5.317599999999999454e+03 1.623799999999999910e+00 1.996099999999999947e-04
5.474899999999999636e+03 1.617599999999999927e+00 2.212100000000000047e-04
5.632199999999999818e+03 1.611199999999999966e+00 2.446999999999999848e-04
5.789399999999999636e+03 1.604600000000000026e+00 2.702199999999999980e-04
5.946699999999999818e+03 1.597699999999999898e+00 2.979300000000000156e-04
6.104000000000000000e+03 1.590500000000000025e+00 3.280099999999999986e-04
6.261300000000000182e+03 1.583099999999999952e+00 3.606500000000000114e-04
6.418599999999999454e+03 1.575399999999999912e+00 3.960699999999999941e-04
6.575899999999999636e+03 1.567399999999999904e+00 4.344999999999999904e-04
6.733199999999999818e+03 1.559099999999999930e+00 4.761999999999999740e-04
6.890500000000000000e+03 1.550499999999999989e+00 5.214500000000000168e-04
7.047699999999999818e+03 1.541600000000000081e+00 5.705699999999999531e-04
7.205000000000000000e+03 1.532299999999999995e+00 6.239000000000000405e-04
7.362300000000000182e+03 1.522799999999999931e+00 6.818399999999999635e-04
7.519599999999999454e+03 1.512799999999999923e+00 7.448100000000000467e-04
7.676899999999999636e+03 1.502599999999999936e+00 8.132900000000000415e-04
7.834199999999999818e+03 1.491900000000000004e+00 8.878199999999999937e-04
7.991500000000000000e+03 1.480799999999999894e+00 9.690000000000000262e-04
8.148699999999999818e+03 1.469300000000000050e+00 1.057500000000000063e-03
8.306000000000000000e+03 1.457400000000000029e+00 1.154099999999999918e-03
8.463300000000001091e+03 1.445100000000000051e+00 1.259600000000000043e-03
8.620600000000000364e+03 1.432299999999999907e+00 1.374999999999999920e-03
8.777900000000001455e+03 1.419000000000000039e+00 1.501500000000000013e-03
8.935200000000000728e+03 1.405100000000000016e+00 1.640200000000000078e-03
9.092500000000000000e+03 1.390800000000000036e+00 1.792500000000000039e-03
9.249700000000000728e+03 1.375799999999999912e+00 1.960299999999999890e-03
9.407000000000000000e+03 1.360300000000000065e+00 2.145300000000000158e-03
9.564299999999999272e+03 1.344100000000000072e+00 2.349700000000000139e-03
9.721600000000000364e+03 1.327299999999999924e+00 2.576100000000000004e-03
9.878899999999999636e+03 1.309700000000000086e+00 2.827500000000000152e-03
1.003600000000000000e+04 1.291500000000000092e+00 3.107299999999999906e-03
1.019300000000000000e+04 1.272399999999999975e+00 3.419600000000000070e-03
1.035100000000000000e+04 1.252399999999999958e+00 3.769300000000000168e-03
1.050800000000000000e+04 1.231500000000000039e+00 4.162100000000000175e-03
1.066500000000000000e+04 1.209699999999999998e+00 4.604999999999999719e-03
1.082300000000000000e+04 1.186800000000000077e+00 5.106300000000000248e-03
1.098000000000000000e+04 1.162800000000000056e+00 5.676099999999999896e-03
1.113700000000000000e+04 1.137499999999999956e+00 6.326899999999999885e-03
1.129400000000000000e+04 1.110899999999999999e+00 7.073900000000000153e-03
1.145200000000000000e+04 1.082799999999999985e+00 7.936399999999999705e-03
1.160900000000000000e+04 1.053099999999999925e+00 8.938400000000000858e-03
1.176600000000000000e+04 1.021500000000000075e+00 1.011100000000000020e-02
1.192400000000000000e+04 9.880299999999999638e-01 1.149400000000000074e-02
1.208100000000000000e+04 9.522699999999999498e-01 1.314000000000000064e-02
1.223800000000000000e+04 9.139500000000000401e-01 1.511999999999999976e-02
1.239500000000000000e+04 8.727000000000000313e-01 1.753100000000000144e-02
1.255300000000000000e+04 8.280399999999999983e-01 2.051199999999999898e-02
1.271000000000000000e+04 7.793400000000000327e-01 2.426400000000000085e-02
1.286700000000000000e+04 7.257599999999999607e-01 2.909700000000000134e-02
1.302500000000000000e+04 6.661200000000000454e-01 3.552099999999999702e-02
1.318200000000000000e+04 5.986700000000000355e-01 4.443400000000000127e-02
1.333900000000000000e+04 5.206600000000000117e-01 5.764400000000000079e-02
1.349600000000000000e+04 4.274800000000000266e-01 7.949900000000000022e-02
1.365400000000000000e+04 3.125299999999999745e-01 1.235600000000000032e-01
1.381100000000000000e+04 1.936400000000000066e-01 2.273600000000000065e-01
1.396800000000000000e+04 1.383600000000000108e-01 3.638500000000000068e-01
1.412600000000000000e+04 1.205500000000000044e-01 4.785300000000000109e-01
1.428300000000000000e+04 1.150599999999999956e-01 5.750399999999999956e-01
1.444000000000000000e+04 1.150100000000000011e-01 6.593599999999999461e-01
1.459700000000000000e+04 1.178899999999999948e-01 7.347599999999999687e-01
1.475500000000000000e+04 1.224100000000000049e-01 8.030000000000000471e-01
1.491200000000000000e+04 1.275300000000000045e-01 8.650999999999999801e-01
1.506900000000000000e+04 1.322299999999999864e-01 9.218300000000000383e-01
1.522700000000000000e+04 1.354200000000000126e-01 9.740299999999999514e-01
1.538400000000000000e+04 1.361100000000000088e-01 1.022799999999999931e+00
1.554100000000000000e+04 1.336100000000000065e-01 1.069600000000000106e+00
1.569800000000000000e+04 1.278499999999999914e-01 1.116000000000000103e+00
1.585600000000000000e+04 1.193499999999999978e-01 1.163499999999999979e+00
1.601300000000000182e+04 1.090799999999999964e-01 1.212900000000000089e+00
1.617000000000000182e+04 9.808400000000000452e-02 1.264599999999999946e+00
1.632800000000000000e+04 8.724899999999999323e-02 1.318599999999999994e+00
1.648500000000000000e+04 7.716800000000000048e-02 1.374500000000000055e+00
1.664200000000000000e+04 6.815100000000000324e-02 1.431799999999999962e+00
1.679900000000000000e+04 6.029500000000000137e-02 1.490299999999999958e+00
1.695700000000000000e+04 5.356699999999999656e-02 1.549700000000000077e+00
1.711400000000000000e+04 4.786699999999999983e-02 1.609699999999999909e+00
1.727100000000000000e+04 4.306900000000000311e-02 1.670299999999999896e+00
1.742900000000000000e+04 3.904599999999999738e-02 1.731400000000000050e+00
1.758600000000000000e+04 3.568000000000000338e-02 1.793099999999999916e+00
1.774300000000000000e+04 3.286800000000000138e-02 1.855399999999999938e+00
1.790100000000000000e+04 3.052399999999999905e-02 1.918299999999999894e+00
1.805800000000000000e+04 2.857399999999999871e-02 1.981899999999999995e+00
1.821500000000000000e+04 2.695900000000000032e-02 2.046400000000000219e+00
1.837200000000000000e+04 2.563000000000000000e-02 2.111800000000000122e+00
1.853000000000000000e+04 2.454599999999999838e-02 2.178100000000000147e+00
1.868700000000000000e+04 2.367500000000000160e-02 2.245699999999999807e+00
1.884400000000000000e+04 2.299199999999999855e-02 2.314400000000000013e+00
1.900200000000000000e+04 2.247499999999999845e-02 2.384599999999999831e+00
1.915900000000000000e+04 2.210700000000000165e-02 2.456300000000000150e+00
1.931600000000000000e+04 2.187599999999999961e-02 2.529599999999999849e+00
1.947300000000000000e+04 2.177000000000000116e-02 2.604800000000000004e+00
1.963100000000000000e+04 2.178400000000000128e-02 2.681900000000000173e+00
1.978800000000000000e+04 2.191099999999999992e-02 2.761299999999999866e+00
1.994500000000000000e+04 2.214899999999999855e-02 2.842999999999999972e+00
2.010300000000000000e+04 2.249699999999999964e-02 2.927200000000000024e+00
2.026000000000000000e+04 2.295499999999999971e-02 3.014299999999999979e+00
2.041700000000000000e+04 2.352699999999999930e-02 3.104499999999999815e+00
2.057400000000000000e+04 2.421699999999999894e-02 3.197999999999999954e+00
2.073200000000000000e+04 2.503100000000000117e-02 3.295199999999999907e+00
2.088900000000000000e+04 2.597999999999999962e-02 3.396500000000000075e+00
2.104600000000000000e+04 2.707400000000000084e-02 3.502099999999999991e+00
2.120400000000000000e+04 2.832900000000000001e-02 3.612699999999999800e+00
2.136100000000000000e+04 2.976099999999999926e-02 3.728699999999999903e+00
2.151800000000000000e+04 3.139299999999999730e-02 3.850699999999999790e+00
2.167500000000000000e+04 3.325299999999999784e-02 3.979299999999999837e+00
2.183300000000000000e+04 3.537499999999999672e-02 4.115400000000000169e+00
2.199000000000000000e+04 3.780100000000000127e-02 4.259800000000000253e+00
2.214700000000000000e+04 4.058200000000000002e-02 4.413700000000000401e+00
2.230500000000000000e+04 4.378200000000000147e-02 4.578199999999999825e+00
2.246200000000000000e+04 4.748800000000000243e-02 4.754999999999999893e+00
2.261900000000000000e+04 5.180499999999999688e-02 4.945800000000000196e+00
2.277600000000000000e+04 5.686999999999999694e-02 5.152899999999999814e+00
2.293400000000000000e+04 6.286400000000000321e-02 5.378899999999999793e+00
2.309100000000000000e+04 7.004399999999999515e-02 5.627500000000000391e+00
2.324800000000000000e+04 7.873299999999999743e-02 5.902899999999999814e+00
2.340600000000000000e+04 8.940399999999999736e-02 6.210799999999999876e+00
2.356300000000000000e+04 1.027399999999999980e-01 6.558699999999999974e+00
2.372000000000000000e+04 1.197499999999999953e-01 6.956999999999999851e+00
2.387700000000000000e+04 1.420200000000000073e-01 7.420099999999999696e+00
2.403500000000000000e+04 1.721000000000000030e-01 7.968700000000000117e+00
2.419200000000000000e+04 2.143899999999999972e-01 8.634700000000000486e+00
2.434900000000000000e+04 2.770099999999999785e-01 9.468299999999999272e+00
2.450700000000000000e+04 3.764399999999999968e-01 1.055599999999999916e+01
2.466400000000000000e+04 5.537100000000000355e-01 1.207499999999999929e+01
2.482100000000000000e+04 9.274499999999999966e-01 1.440700000000000003e+01
2.497800000000000000e+04 2.016399999999999970e+00 1.868100000000000094e+01
2.513600000000000000e+04 1.002200000000000024e+01 2.963800000000000168e+01
2.529300000000000000e+04 2.819699999999999918e+01 7.826100000000000279e+00
2.545000000000000000e+04 1.847400000000000020e+01 1.841299999999999937e+00
2.560800000000000000e+04 1.465300000000000047e+01 8.931400000000000450e-01
2.576500000000000000e+04 1.253999999999999915e+01 5.482099999999999751e-01
2.592200000000000000e+04 1.116499999999999915e+01 3.800799999999999734e-01
2.607900000000000000e+04 1.018599999999999994e+01 2.837899999999999867e-01
2.623700000000000000e+04 9.445299999999999585e+00 2.227999999999999980e-01
2.639400000000000000e+04 8.860200000000000742e+00 1.811500000000000055e-01
2.655100000000000000e+04 8.383699999999999264e+00 1.512199999999999933e-01
2.670900000000000000e+04 7.986600000000000144e+00 1.288600000000000023e-01
2.686600000000000000e+04 7.649499999999999744e+00 1.116299999999999931e-01
2.702300000000000000e+04 7.359200000000000408e+00 9.804300000000000515e-02
2.718000000000000000e+04 7.105999999999999872e+00 8.709200000000000275e-02
2.733800000000000000e+04 6.882799999999999585e+00 7.810200000000000475e-02
2.749500000000000000e+04 6.684099999999999930e+00 7.060900000000000509e-02
2.765200000000000000e+04 6.506000000000000227e+00 6.428899999999999892e-02
2.781000000000000000e+04 6.345600000000000129e+00 5.891300000000000009e-02
2.796700000000000000e+04 6.199799999999999756e+00 5.427400000000000280e-02
2.812400000000000000e+04 6.066900000000000404e+00 5.024800000000000100e-02
2.828100000000000000e+04 5.945100000000000051e+00 4.672500000000000264e-02
2.843900000000000000e+04 5.832900000000000418e+00 4.361799999999999705e-02
2.859600000000000000e+04 5.729300000000000281e+00 4.086399999999999755e-02
2.875300000000000000e+04 5.633200000000000429e+00 3.840699999999999670e-02
2.891100000000000000e+04 5.543899999999999828e+00 3.620299999999999907e-02
2.906800000000000000e+04 5.460600000000000342e+00 3.422000000000000042e-02
2.922500000000000000e+04 5.382699999999999818e+00 3.242500000000000243e-02
2.938200000000000000e+04 5.309599999999999653e+00 3.079300000000000093e-02
2.954000000000000000e+04 5.240999999999999659e+00 2.930699999999999972e-02
2.969700000000000000e+04 5.176400000000000112e+00 2.794800000000000062e-02
2.985400000000000000e+04 5.115499999999999936e+00 2.669900000000000051e-02
3.001200000000000000e+04 5.057900000000000063e+00 2.554999999999999979e-02
3.016900000000000000e+04 5.003400000000000070e+00 2.448900000000000035e-02
3.032600000000000000e+04 4.951699999999999768e+00 2.350700000000000012e-02
3.048300000000000000e+04 4.902599999999999625e+00 2.259600000000000150e-02
3.064100000000000000e+04 4.855900000000000105e+00 2.174900000000000097e-02
3.079800000000000000e+04 4.811499999999999666e+00 2.095899999999999846e-02
3.095500000000000000e+04 4.769099999999999895e+00 2.022200000000000039e-02
3.111300000000000000e+04 4.728699999999999903e+00 1.953200000000000075e-02
3.127000000000000000e+04 4.690100000000000158e+00 1.888600000000000001e-02
3.142700000000000000e+04 4.653100000000000236e+00 1.827799999999999911e-02
3.158400000000000000e+04 4.617700000000000138e+00 1.770700000000000052e-02
3.174200000000000000e+04 4.583700000000000330e+00 1.716799999999999923e-02
3.189900000000000000e+04 4.551199999999999690e+00 1.666099999999999873e-02
3.205599999999999636e+04 4.519899999999999807e+00 1.618100000000000094e-02
3.221400000000000000e+04 4.489899999999999558e+00 1.572700000000000140e-02
3.237100000000000364e+04 4.461000000000000298e+00 1.529699999999999983e-02
3.252800000000000000e+04 4.433099999999999596e+00 1.488899999999999946e-02
3.268500000000000364e+04 4.406299999999999883e+00 1.450199999999999927e-02
3.284300000000000000e+04 4.380499999999999616e+00 1.413299999999999973e-02
3.300000000000000000e+04 4.355599999999999916e+00 1.378300000000000011e-02
